658 0 0.696947619790657
372 1 0.727805185506555
531 1 0.448417788244224
49 1 0.31426305388831
442 2 0.030884288395239
191 3 0.221237209244444
342 3 0.309995887621207
368 3 0.484103836762432
281 3 0.229562447275429
435 3 0.788495214943254
138 3 0.936274594906846
82 3 0.629952270747074
422 3 0.930572212165025
106 3 0.267775307780503
122 3 0.505569196945595
478 3 0.783003603703639
173 3 0.122200412332067
559 3 0.348873840681779
46 3 0.947261332492803
521 3 0.807255397064826
127 3 0.033951252259813
759 3 0.284723749353502
735 3 0.746269717907595
52 3 0.683833129980486
335 3 0.517179520841509
476 3 0.506058411732031
205 3 0.112101710917646
539 3 0.869261011453972
489 3 0.839102904411783
282 3 0.11774413195431
401 3 0.950875692332511
305 3 0.03904258688833
77 3 0.881515484436759
504 3 0.693048968935187
182 3 0.498196402947771
541 3 0.123367981300998
643 3 0.79010521028957
687 3 0.215954794457189
381 3 0.822761592034261
41 3 0.543613825961003
23 3 0.930648327470968
86 3 0.191232060221494
698 3 0.942611452704849
305 3 0.113826767740375
84 3 0.835982376483826
689 3 0.407637319394811
232 3 0.711960616841441
188 3 0.757972930146749
45 3 0.330947502093231
565 3 0.054871939269228
192 3 0.152223249835179
125 3 0.905114126378523
68 4 0.968097135440678
642 5 0.703414138863171
514 5 0.506379960297108
206 6 0.079105615008673
584 6 0.773833042412558
527 6 0.70290129297747
714 6 0.329272565508458
341 6 0.302201194862799
410 6 0.218688393108865
45 7 0.700998617369703
260 8 0.696346112200807
171 8 0.795732882437106
683 8 0.338094744109565
250 8 0.160271274541654
708 8 0.083650042723953
709 8 0.510301943080786
613 8 0.343924595541087
739 8 0.866184042901718
514 8 0.396359103593066
633 8 0.336805746763574
430 9 0.737880838558794
628 9 0.089234688017497
686 10 0.890978454825905
751 10 0.149792727882947
573 10 0.604837344522826
167 10 0.07935629507428
523 10 0.02354365819134
354 10 0.329623875541607
470 10 0.689495704832547
303 10 0.197779760321318
339 11 0.6539599181702
360 11 0.11070157849004
240 11 0.312901626165492
121 12 0.708649258095735
238 13 0.374332550332096
276 14 0.838761220576243
612 14 0.735333394069376
653 15 0.478515691056582
630 16 0.109824742053505
409 17 0.377895133063531
377 17 0.692396646763707
185 17 0.702981081847992
282 17 0.414803046790699
132 17 0.781372003651209
398 17 0.845914254865716
583 17 0.039563878773373
334 18 0.909144034421586
586 19 0.779306078074047
326 20 0.108197122174372
429 20 0.249526134442431
151 21 0.816941372457749
349 22 0.297638898054925
219 22 0.761375894504065
155 22 0.484823240930218
556 22 0.549628155765383
312 22 0.379292691808716
270 22 0.963045761544555
66 22 0.149257395977388
118 23 0.486037152487441
125 24 0.615039819609092
228 25 0.101312073455019
335 26 0.078317294017321
50 26 0.45172675129722
399 26 0.791879490294415
604 27 0.142461259000008
679 28 0.1062328125525
523 29 0.954468585108923
274 29 0.333015608891514
613 29 0.616798147259514
30 29 0.048899077887233
540 29 0.729394379771396
407 29 0.156050407961114
125 29 0.07171772226348
756 29 0.284432374818788
113 29 0.059884511736405
455 29 0.398752764867413
202 29 0.95159549604916
725 29 0.234904330891412
79 29 0.056338502207939
562 29 0.009545707900525
641 29 0.808767769263843
530 29 0.739278964278491
714 29 0.810507259334659
529 29 0.542374721067773
463 29 0.115050181909015
239 30 0.970571962654989
49 31 0.233655724039954
721 31 0.022120574434108
243 31 0.39499973735513
668 31 0.710537501851501
230 31 0.647711505380645
228 32 0.140166157892263
139 32 0.50913150491413
146 32 0.286268587277973
575 33 0.202965612449057
534 33 0.867988262468825
390 33 0.166058994695221
159 34 0.40981251263314
180 35 0.720339075939533
743 36 0.903067024408773
484 37 0.947314318174367
466 38 0.896803642457543
759 39 0.200605739848912
320 39 0.998640510865837
292 40 0.729773703317748
647 41 0.699126741411507
541 41 0.976879305195398
771 41 0.117005682138271
572 42 0.405135603405567
501 43 0.349170547354007
287 44 0.914820915115807
389 44 0.049475789296211
560 44 0.725692615938364
324 45 0.932007521214709
756 46 0.489280135861515
227 46 0.723306132087151
96 46 0.202555634701088
598 46 0.229795728344721
174 46 0.817598263182979
667 46 0.263569842538473
660 46 0.314525802033418
492 46 0.452812729667033
282 46 0.831132400904121
599 46 0.000126388628199
353 46 0.654290638174302
605 46 0.789879488977394
126 46 0.406249272582808
503 46 0.629141166581625
581 46 0.679588911613524
214 46 0.080438068683142
387 46 0.875880247063779
76 46 0.600671588270617
768 46 0.448088233388522
690 46 0.516719104850676
392 46 0.608001353675643
512 46 0.85678598216157
461 46 0.585954620226786
697 46 0.865781972963861
731 46 0.268383657192975
312 46 0.798402815582227
94 46 0.763736521712177
122 46 0.106644891443037
710 46 0.874429608877006
477 46 0.52129316829302
650 46 0.25755569991094
86 46 0.828785071145986
261 46 0.735475357131679
422 46 0.510066638509618
733 46 0.98266931580895
501 46 0.400137924709608
763 46 0.056672830377696
490 46 0.102747987467678
8 46 0.928668477140905
217 46 0.318059318018752
155 46 0.6755525542414
427 46 0.133848748146757
126 46 0.60712038590651
617 46 0.857732269310731
62 46 0.952434908848993
634 46 0.461010886200461
426 46 0.493197373857259
45 46 0.338543941202769
734 46 0.344272642213213
299 46 0.141174542761853
508 46 0.132477669874195
265 46 0.455014472714724
77 46 0.259894841812892
577 46 0.070335511925961
592 46 0.061761600167905
515 46 0.778393450505684
273 46 0.557682733693158
474 46 0.306900670670553
38 46 0.401093720554838
487 46 0.841830735570896
505 46 0.281664157567968
209 46 0.28375962819007
337 46 0.5792920035504
25 46 0.925809571567852
745 47 0.136512681225607
567 47 0.29013178127029
514 48 0.304767207159874
295 49 0.182736467604836
35 49 0.11827902529774
27 49 0.260069323116907
98 49 0.809757875820549
306 49 0.690239978718284
87 50 0.364517241588813
107 50 0.453974054907364
714 50 0.139242711038261
300 50 0.235854505499374
736 50 0.118299110297569
189 50 0.307200581042441
715 51 0.241731663164707
186 51 0.928144197700526
645 51 0.571190310806082
429 51 0.656936391367487
644 51 0.301325243010609
310 51 0.519866524202229
212 51 0.371826542383602
712 51 0.173059466308919
376 51 0.739659872423127
684 52 0.854937131208578
682 53 0.957429123430422
411 53 0.980261036966982
391 53 0.155042502355577
51 54 0.290328865878981
307 55 0.129496038867729
355 55 0.024400308258357
623 55 0.73672959297891
63 56 0.181532449026237
306 57 0.231212754495366
613 58 0.068167190628154
413 59 0.687431405577128
269 60 0.343417462277737
427 61 0.298435430376828
499 62 0.549243635003421
228 63 0.020022011859672
5 64 0.596085726903294
182 64 0.327732808209366
344 64 0.836020475040537
117 64 0.197731703217232
85 64 0.273695924662841
417 64 0.427200685679593
452 64 0.671743333485909
464 64 0.26765173534169
192 64 0.954504769532309
243 64 0.885010693796907
752 64 0.833870255695314
590 64 0.712916551712984
582 64 0.603230989484674
76 64 0.996335960704701
387 64 0.484942659084041
589 64 0.500487271846637
300 64 0.269080852772828
513 64 0.652974126934063
353 64 0.061443873126525
217 64 0.076267363859909
679 64 0.172479847742976
421 64 0.616912780247921
655 64 0.551522026090293
143 64 0.169017895237392
660 64 0.510654649022382
419 64 0.388350417625727
27 64 0.839571779142343
347 64 0.745458138247418
566 64 0.374800618997803
388 64 0.210473883744907
675 64 0.773875566474802
422 64 0.662317061159829
374 64 0.79063595625235
367 64 0.996535492531415
570 64 0.399489116236245
639 64 0.172739617142853
644 64 0.053627984122814
500 64 0.316614980170977
492 64 0.784993808540485
194 64 0.26807127982473
352 64 0.272482149457372
725 64 0.728611928933421
780 64 0.826233583153209
352 64 0.369783880831556
640 64 0.977184236610962
558 64 0.885421541695447
396 64 0.056461032011362
545 64 0.860909979342607
162 64 0.861662025318132
101 64 0.637475360069121
518 64 0.641039908394331
618 65 0.754332849130495
674 66 0.90409678987625
153 67 0.174177927713021
527 67 0.493326363435722
454 67 0.758885048682342
349 67 0.874722602682276
237 67 0.306834257621543
622 67 0.197414407709198
306 67 0.976941229267342
143 67 0.553167348548718
261 67 0.906516972667755
654 67 0.635917214739274
418 68 0.106379021407138
19 68 0.386726095207616
520 68 0.363616558504923
349 68 0.131436475474492
478 68 0.329073751175645
138 68 0.241221344828822
277 68 0.622232050093504
563 68 0.088853604607937
293 68 0.278079654329936
51 68 0.707012987693535
262 68 0.201998826864482
672 68 0.879144095006424
155 68 0.73240533884878
766 68 0.937926792708397
641 68 0.810682300814955
508 68 0.879641228231092
250 68 0.456730239468133
395 68 0.798319246422714
497 69 0.660868788755977
230 70 0.178439174230319
51 70 0.183370277002606
423 70 0.994655633644753
347 71 0.548913818453051
403 72 0.500517073967133
742 72 0.002708991455845
707 72 0.988498715246495
142 72 0.556171747470165
763 72 0.595485933741841
421 72 0.814441543004601
461 72 0.667467759416705
608 72 0.109312221480565
126 72 0.693758506236967
19 72 0.49509785927723
754 72 0.365858050095356
550 72 0.376768899095812
123 72 0.430556633849235
348 72 0.559197538021971
658 72 0.565322894215221
77 72 0.060374317091729
94 72 0.299651398796041
141 72 0.059885831200077
66 72 0.674799625112023
205 73 0.890080799701024
139 73 0.40131518218166
508 73 0.539314937792969
271 73 0.615581618550297
456 73 0.009805967389355
233 73 0.335666176221121
320 73 0.35870504923514
45 73 0.569173436648443
233 73 0.639540959539721
240 73 0.450281916532034
288 73 0.354597436122901
772 73 0.223251401783257
148 73 0.758150431005736
477 73 0.204600039986417
750 73 0.33129908855369
409 73 0.308934502632664
585 74 0.540804275183832
201 75 0.157143525830861
254 75 0.210247673661045
571 75 0.469081809819606
664 75 0.547316268207681
602 75 0.396538354814924
555 75 0.706307491749683
758 75 0.63400948294533
415 75 0.698328516404053
286 76 0.781150505336009
77 77 0.956981419207771
324 77 0.36354479885817
538 77 0.550422831831426
308 78 0.769996683251582
479 78 0.83995619655652
296 78 0.580146292045618
165 78 0.560580939048913
519 78 0.183222219733791
175 78 0.234142719608926
312 78 0.683499394134604
370 78 0.276230722498479
68 78 0.306797739879961
312 78 0.354265346371197
647 79 0.692143616863741
129 80 0.65757740184174
735 81 0.229234835760045
337 82 0.689562431034427
703 83 0.429998448788908
518 83 0.564835146694286
587 84 0.339257788662233
235 84 0.615431483722918
80 84 0.371572057579262
221 85 0.500982666935422
494 85 0.30074138595143
762 85 0.851327152869439
112 85 0.884149982705793
451 85 0.673050317909225
749 85 0.942892922049994
64 85 0.345315781826506
347 85 0.531583822911383
243 85 0.736553078444049
269 85 0.187670386903559
194 85 0.113845364295435
763 85 0.597850293443087
526 85 0.720970409829372
110 85 0.97502025494333
255 85 0.64370674649413
16 85 0.023842261141689
300 85 0.11116036289852
258 85 0.556487474877854
744 85 0.167088339239637
70 85 0.715733035778893
428 85 0.742886668432053
225 85 0.645604833605373
490 85 0.691485601746997
463 85 0.689975956733744
44 85 0.018248441999656
260 85 0.412664749271462
634 85 0.344383161216416
636 85 0.443006799162318
499 85 0.138152034668516
680 85 0.493939316058563
216 85 0.027547804798924
298 86 0.0478932225823
622 86 0.608661270532992
467 86 0.995950649537596
635 86 0.995021915115087
125 87 0.861268615347337
283 87 0.902404911917495
597 88 0.832939073076
422 88 0.309318025283712
609 89 0.757281748748287
197 89 0.619906768444767
2 90 0.71785415039337
364 91 0.704711662104032
68 92 0.907665999472631
366 93 0.085623065268601
748 93 0.09974015186669
199 94 0.638075517526299
583 95 0.497728683581343
535 96 0.145857234209859
304 96 0.613255253236284
219 96 0.988691672872733
406 96 0.275014555855173
97 96 0.332426444265795
420 97 0.57276021091395
60 98 0.776868723749495
311 99 0.078570127270673
223 100 0.659936535006575
570 100 0.271641777099877
239 101 0.753126914019661
272 102 0.479344254996854
31 102 0.338318002147309
43 102 0.680046873128896
205 102 0.569699591455001
415 102 0.467960972951659
618 102 0.767322498108604
20 102 0.290558550903134
750 103 0.233203424084559
653 103 0.552260871861663
127 103 0.383449071191849
424 103 0.368088789408013
123 103 0.841066609394539
743 103 0.329965177255306
314 103 0.294140877042253
78 103 0.602176465596679
112 103 0.492848846993177
84 103 0.112022446062675
381 103 0.729501974618949
548 103 0.966192966772853
653 103 0.955250983842577
17 103 0.430728112575532
607 103 0.651343055923703
761 103 0.311186526999062
17 103 0.079662461671777
439 103 0.01457858688525
730 103 0.0977155393416
236 103 0.435867013914225
296 103 0.560609462159875
693 103 0.920753780765639
216 103 0.738970799361617
674 103 0.841558949915777
750 103 0.882170308730067
31 103 0.934596441048774
709 103 0.654373533083814
309 103 0.761461644368306
733 103 0.842664101888214
782 103 0.620141593477246
114 103 0.65069042411114
765 103 0.700603719406794
759 103 0.149008209945071
303 103 0.734096905381385
595 103 0.809787851017527
191 103 0.79042808482348
765 103 0.424464422640339
681 103 0.756950795680398
388 103 0.98742681295242
569 103 0.790304143394304
111 103 0.60802168042413
353 103 0.751967579439847
81 103 0.891632104664572
146 103 0.284773807842927
328 103 0.821090714763223
13 103 0.039838044641254
478 103 0.984103970036124
358 103 0.846505466345667
107 103 0.590038867259666
136 103 0.977937379647084
656 103 0.087507321678188
496 103 0.115431926107176
678 103 0.962392685899427
440 103 0.639899427672225
382 103 0.219377144883394
612 103 0.423228155556581
588 103 0.106569687672128
604 103 0.118143529734833
212 103 0.243718942842553
607 103 0.255584362738607
707 103 0.748934919664571
586 103 0.880260816181997
468 103 0.406212845641851
192 103 0.744290877788313
365 103 0.488165284433165
223 103 0.267456732342082
655 103 0.278860253191936
202 103 0.372463443670141
333 103 0.541339668303953
574 103 0.320806464897128
101 103 0.733907905226102
719 104 0.696405913915332
284 104 0.269577535494341
664 104 0.400751142600175
139 104 0.367279611714242
480 104 0.734802657069532
599 104 0.71860692907466
96 104 0.575905809457782
68 104 0.29795798670815
424 104 0.559292787105555
721 104 0.957787601145094
477 104 0.309205746854599
627 104 0.47383216243301
527 104 0.373061503239675
584 104 0.912066445618564
233 104 0.176709016176126
370 104 0.587994949383699
265 104 0.708216827706113
645 104 0.479292985874515
18 105 0.903704595493651
191 105 0.918991619144385
334 106 0.736454384091099
330 106 0.139701533538799
433 106 0.929569360851417
210 106 0.013217937882101
178 106 0.811102841352817
15 106 0.465421188565038
397 106 0.03332321686942
614 106 0.135398872479478
82 106 0.200083038911282
90 106 0.271875513976794
362 107 0.447447050454584
229 108 0.099880974126726
134 108 0.697693196685425
26 108 0.938779426536062
205 108 0.770120006524561
14 109 0.642909214235225
517 110 0.237730390476443
355 111 0.613973577716439
624 112 0.968920503837646
518 113 0.15730481964067
403 114 0.80195462657533
605 115 0.215304991693856
406 116 0.331958565110553
456 117 0.203940626582016
545 118 0.72227093738256
653 119 0.47532170466931
1 120 0.906581651879248
563 120 0.547432271515662
477 120 0.836008225331755
659 121 0.948965123462615
345 122 0.637871998509517
588 122 0.871518826890683
350 122 0.839005433715822
126 122 0.773370624959538
221 122 0.234798443539202
99 122 0.369215188261716
306 122 0.829833227559385
264 122 0.641280024572701
589 122 0.243837614329191
307 122 0.894579263876666
681 122 0.516060039520397
718 122 0.591689880340865
71 122 0.101796866472201
2 122 0.97675692239462
447 122 0.542313777613804
301 122 0.275783862261741
448 122 0.815689213257356
268 122 0.345325107020338
602 122 0.817858282500757
728 122 0.850214692740309
531 122 0.880285619211423
183 122 0.737270458522582
644 122 0.436585905853545
498 122 0.642709396605262
14 122 0.389888143313283
731 122 0.453144807747995
80 122 0.250316398288888
596 122 0.454289897176141
171 122 0.525871792068429
380 122 0.192152802459087
175 122 0.665858386461683
754 122 0.360050722596531
238 122 0.354532266027957
718 122 0.993381652772739
345 122 0.309547434277211
477 122 0.302106780464518
762 122 0.658079219189015
211 122 0.817430387711265
371 122 0.360842836259557
66 122 0.359349398387099
413 122 0.866962704428756
230 122 0.751566132986911
52 122 0.106737405416382
179 122 0.164651692950668
165 122 0.785560031503773
419 122 0.000587255516467
704 122 0.734692363912179
511 122 0.344782615449704
75 122 0.783567029528674
182 122 0.788350567411584
145 122 0.823597926180638
183 122 0.792926813859522
189 122 0.465504466295418
60 122 0.391727760704809
324 122 0.294435992839175
626 122 0.361751029540993
541 122 0.996590128889112
343 122 0.074820775331672
379 123 0.728691258946662
231 123 0.138902657475248
336 123 0.927528524037689
363 123 0.705699026873299
270 123 0.21068180239852
38 123 0.308982439237267
661 123 0.956494832180808
645 123 0.60283166472216
521 123 0.169772651164143
641 123 0.323063078431646
531 123 0.190791266413279
134 123 0.352825995340162
597 123 0.612248850979174
666 123 0.483183041978454
628 123 0.891647059244354
652 123 0.982316498866781
711 123 0.121807736676179
104 123 0.96427830484941
587 123 0.932783499141103
705 123 0.651248041701142
642 123 0.60800582170212
108 123 0.637841112779429
523 123 0.182442122905602
358 123 0.950765273186198
733 123 0.076847611289275
376 123 0.915779197637949
714 123 0.134178483029197
568 123 0.193808215181406
92 123 0.315024164668036
463 123 0.85500367922161
615 123 0.96734749898636
695 123 0.480012819766104
0 123 0.310793575700701
90 123 0.693104412769679
171 123 0.678298870893893
503 123 0.464879659411829
444 123 0.194672374580336
307 123 0.163495075188358
597 123 0.907859506107868
360 123 0.675198473771355
677 123 0.717506140042529
585 123 0.216114795610626
541 123 0.886203370171909
604 123 0.703275674384797
689 123 0.320335905365195
62 123 0.395287560273252
782 123 0.605357757284709
684 123 0.931421266495551
715 123 0.560152363211003
765 123 0.663948402371221
310 123 0.650874829570379
634 123 0.91739049019827
469 123 0.731530391388134
226 123 0.910165278108395
186 123 0.568490022302324
268 123 0.660801874980545
185 123 0.712880103586516
367 123 0.622327786245366
85 123 0.035237717969918
70 123 0.337220987521243
288 123 0.654371478199655
209 123 0.276445648288149
371 123 0.883227569886126
453 123 0.868489477132196
47 123 0.053375361681915
768 123 0.026058992324402
741 123 0.043897170202938
516 123 0.682885442369848
41 123 0.036777930809646
348 123 0.805021916178871
521 123 0.336968699959885
291 123 0.251230774803019
638 123 0.773520869698731
280 123 0.582891540612732
441 123 0.385069800037861
660 123 0.426618868399848
776 123 0.74318394102237
352 123 0.964601853579569
715 123 0.302074365112539
134 123 0.599566623854753
165 123 0.849388544869911
577 123 0.038150789890166
345 123 0.255284328442256
81 123 0.575585465785153
196 123 0.078167370721544
308 123 0.512595851302138
95 123 0.994759952855186
590 123 0.721160864495192
177 123 0.410735929303
575 123 0.62677332438338
491 123 0.682968639190485
138 123 0.74235216690329
254 123 0.725176612323851
97 123 0.443837480259804
222 123 0.625160742904219
287 123 0.707658974755292
490 124 0.065822830651906
121 124 0.746813478293951
643 124 0.410288709920223
104 124 0.089946989000064
66 124 0.855641142468339
575 124 0.689419325001447
195 124 0.290973516795529
369 124 0.197887226096541
112 124 0.495569164004039
4 124 0.967091696896186
48 124 0.720144719937141
328 124 0.700635909556392
781 124 0.202058067861506
491 124 0.6674520661827
539 124 0.879975038027888
193 124 0.771204952638092
259 124 0.694255915761235
248 124 0.188132657372428
602 124 0.408222222192933
11 124 0.082093836306118
85 124 0.438802854496311
20 124 0.06510568493098
413 124 0.742470006096506
366 124 0.668394455185666
209 124 0.895330065855207
387 124 0.385264299998387
198 124 0.669706576898814
217 124 0.461239091377244
773 124 0.231793998693704
75 124 0.802462125455283
709 124 0.276267836890932
521 124 0.905270125924156
634 124 0.204083854470862
576 124 0.504563835316462
41 124 0.903235443385197
705 124 0.625245092952258
72 124 0.537686822939543
505 124 0.964862861480034
763 124 0.626413553536469
100 124 0.843551035221601
529 124 0.163728344937027
597 124 0.654244284503416
633 124 0.881976166291203
728 124 0.998731838938353
97 124 0.394364673196664
636 124 0.645152428795924
763 124 0.44985951882607
555 124 0.185589787087153
137 124 0.771669596968361
599 124 0.61881379072577
389 124 0.288413395343208
756 124 0.865944014070971
761 124 0.507183601003451
657 125 0.546830082355767
528 125 0.361311813010059
322 125 0.072184894384741
579 125 0.494665211908746
484 125 0.520725467968196
509 125 0.019719769551918
770 125 0.840486617545092
655 125 0.92360320267568
478 125 0.666381129400074
534 125 0.866738794314792
425 125 0.414064571730298
101 125 0.716339271797747
375 125 0.685650137467839
115 125 0.753076434828252
134 125 0.296191555670029
476 125 0.844277368408756
569 125 0.760932599266894
360 125 0.448478958917695
531 125 0.21577016026407
716 125 0.559751959915723
221 125 0.386406704345111
687 125 0.053629065839377
477 125 0.925503542524738
364 125 0.794228153035073
778 126 0.430339648974631
23 127 0.186248640011274
38 128 0.325289028286468
234 129 0.305136391311126
676 130 0.873141973015816
407 131 0.015694335362162
445 132 0.914673356415968
48 133 0.124341872357287
56 134 0.261078554950888
765 135 0.05969755809461
