161   
49 487 9 0.767398977035374
203 770 2 0.975046499576915
439 388 0 0.217218701629962
701 299 14 0.649476873065433
596 273 6 0.30382554362609
53 78 1 0.339138640926841
290 616 5 0.291098397677014
535 521 9 0.20590047376892
144 431 0 0.914827621728427
442 668 9 0.999631959886278
457 75 7 0.576607841306527
48 456 13 0.236097200921476
572 281 9 0.60665556810936
107 303 12 0.956245769865183
321 508 5 0.57490143561511
647 593 8 0.904268862376893
655 668 7 0.141769567876587
691 350 1 0.024514269479198
393 331 5 0.037299706166621
236 778 0 0.533823417165687
53 365 3 0.089448733961145
46 772 13 0.381491822473381
664 246 10 0.256838799369398
780 751 8 0.866082569161345
279 286 12 0.438285960001632
455 39 2 0.641864870905475
318 605 4 0.683032349578998
748 769 8 0.021676825986039
15 599 13 0.395543538519746
100 197 12 0.172763851027344
758 93 12 0.135781185610153
546 666 5 0.944704116481113
508 656 13 0.52795717702048
150 476 0 0.221447893114132
532 32 3 0.953301357716472
132 236 7 0.366369243921752
578 575 7 0.533778858974245
170 170 8 0.948453530652066
6 763 6 0.678363818622194
122 172 0 0.132705283997729
158 53 8 0.390572087624775
782 105 12 0.712965269342349
227 97 7 0.012852277130933
155 602 7 0.537743529498654
57 457 9 0.562102667691211
367 570 13 0.980459822275579
323 426 12 0.142445207422155
752 572 12 0.554449550824946
550 584 4 0.36150503125253
415 767 6 0.532695183084925
363 733 9 0.499435484588924
389 559 8 0.275762047789424
394 30 8 0.905005376649399
723 93 0 0.429754062364295
44 268 6 0.363389713644763
600 445 6 0.61627028512363
495 584 1 0.371708140619935
497 13 1 0.875759565421165
16 236 3 0.193986338515281
427 730 8 0.506873002804288
402 704 7 0.468087455586097
706 409 12 0.482954923136408
19 578 11 0.131202741048612
775 433 12 0.962000388345713
228 439 6 0.360035589955703
566 236 3 0.79972594149825
87 348 7 0.865867252840043
132 732 12 0.494485515727589
194 53 3 0.166934588722491
394 388 6 0.603851925338983
456 726 4 0.759653993695878
778 143 2 0.489468799094231
278 537 4 0.205072108684783
601 470 11 0.383586356425809
79 725 11 0.92718476639797
332 33 2 0.188736709344401
157 131 14 0.050798734883536
688 780 0 0.874712230173203
265 375 14 0.992450863432066
773 625 3 0.651249644450375
211 763 0 0.238830514873892
722 709 9 0.774302773796206
487 570 8 0.624912676093538
322 487 12 0.065822296137093
386 167 10 0.211711412769886
545 242 1 0.245524893114242
482 105 4 0.841625465147049
204 109 4 0.281583807545731
89 687 12 0.96009588811936
268 28 10 0.425022502473373
241 84 2 0.082560789243215
575 203 3 0.209162768113908
51 486 8 0.082960685199853
642 438 0 0.799467585868551
270 626 13 0.014234495265189
110 588 12 0.972605327093691
61 15 14 0.437805633345757
473 421 4 0.969969162876061
291 522 13 0.741803935189749
501 13 4 0.118387376991092
314 255 12 0.508040785525005
167 392 0 0.455288354298131
716 472 11 0.61320384328427
203 95 10 0.106291672425891
620 476 1 0.687619145150694
746 68 11 0.386274800462715
152 119 7 0.048010065706623
526 334 11 0.878505732702818
217 595 8 0.75008802179818
112 521 14 0.318264165570046
719 504 11 0.650360942684913
75 29 2 0.835890669091315
450 281 13 0.014594169873342
137 614 8 0.901418501866202
595 718 12 0.292271032744783
258 91 8 0.662223995962885
604 311 1 0.729211361673778
576 163 4 0.12776229187103
468 443 1 0.683389934782736
743 79 1 0.988229017651421
314 165 6 0.328328035786743
348 324 10 0.914884667631702
156 323 14 0.480601471725096
728 150 2 0.096965330725335
743 429 13 0.896473132193715
697 550 7 0.7081999438883
720 462 9 0.169589596840354
353 733 9 0.082032197323915
544 305 2 0.561366806964071
506 730 11 0.202713316206951
386 66 8 0.508168119969925
410 10 2 0.555837220347207
3 477 6 0.85634323550829
291 381 8 0.335304585743369
201 20 8 0.433631192013655
86 610 13 0.096067001927399
373 112 12 0.897703060750423
267 380 4 0.023870497773217
208 29 9 0.445043050130775
24 173 9 0.901287719243302
87 651 1 0.164526979304677
772 535 2 0.26489789981471
615 249 3 0.541276702286002
326 17 7 0.837829252954843
77 660 4 0.302767020131914
579 743 9 0.774952231257403
569 214 1 0.223893639771893
378 3 14 0.260978591179496
177 406 9 0.176791964357645
127 91 14 0.548817056245762
44 235 4 0.396150928050846
142 714 12 0.084719702143041
45 664 11 0.015365929723323
609 563 2 0.527694337442534
315 654 2 0.661764770707294
325 632 0 0.907052665506926
639 550 13 0.562314683631175
30 156 12 0.201371503884574
60 332 13 0.344134229162087
643 262 14 0.023902932696618
633 261 2 0.511185941030878
